%YAML:1.0
---
R: !!opencv-matrix
   rows: 3
   cols: 3
   dt: d
   data: [ 0.94737943527012, 0.00918071549943, 0.31998112458423, -0.01509237734813, 0.99975808003858, 0.01600004823570, -0.31975682287209, -0.01998739253834, 0.94728880409633 ]
T: !!opencv-matrix
   rows: 3
   cols: 1
   dt: d
   data: [-60.99967062911855, 1.66777541348664, 10.47355125011705 ]
Rw: !!opencv-matrix
   rows: 3
   cols: 3
   dt: d
   data: [ 1, 0, 0, 0, 1, 0, 0, 0, 1 ]
Tw: !!opencv-matrix
   rows: 3
   cols: 1
   dt: d
   data: [ 0, 0, 0 ]
R1: !!opencv-matrix
   rows: 3
   cols: 3
   dt: d
   data: [ 1, 0, 0, 0, 1, 0, 0, 0, 1 ]
R2: !!opencv-matrix
   rows: 3
   cols: 3
   dt: d
   data: [ 1, 0, 0, 0, 1, 0, 0, 0, 1 ]
P1: !!opencv-matrix
   rows: 3
   cols: 4
   dt: d
   data: [ 1, 0, 0, 0, 1, 0, 0, 0, 1, 0, 0, 1 ]
P2: !!opencv-matrix
   rows: 3
   cols: 4
   dt: d
   data: [ 1, 0, 0, 0, 1, 0, 0, 0, 1, 0, 0, 1 ]
Q: !!opencv-matrix
   rows: 4
   cols: 4
   dt: d
   data: [ 1, 0, 0, 0, 0, 1, 0, 0, 0, 0, 1, 0, 0, 0, 0, 1 ]
F: !!opencv-matrix
   rows: 3
   cols: 3
   dt: d
   data: [ -0.00000052093935, -0.00001331299154, 0.00431266045714, -0.00001458860125, -0.00000156074213, -0.06179227294130, 0.00707056571799, 0.08117789162514, -9.59830605451447 ]
