%YAML:1.0
---
R: !!opencv-matrix
   rows: 3
   cols: 3
   dt: d
   data: [ 0.94680925104857, -0.01382987458635, -0.32149801974160, 0.00709580283595, 0.99973040001109, -0.02210829879866, 0.32171709887874, 0.01865105526729, 0.94665212534830 ]
T: !!opencv-matrix
   rows: 3
   cols: 1
   dt: d
   data: [ -60.58988051518021, 0.03592311617145, 11.63279660011180 ]
F: !!opencv-matrix
   rows: 3
   cols: 3
   dt: d
   data: [ 0.00000020849934, -0.00001624586937, 0.00536238960408, -0.00001181849303, -0.00000175563828, 0.08028584502396, 0.00508993477854, -0.06049449777766, -9.06825574195672 ]
Rw: !!opencv-matrix
   rows: 3
   cols: 3
   dt: d
   data: [ 1.00000000000000, 0.00000000000000, 0.00000000000000, 0.00000000000000, 1.00000000000000, 0.00000000000000, 0.00000000000000, 0.00000000000000, 1.00000000000000 ]
Tw: !!opencv-matrix
   rows: 3
   cols: 1
   dt: d
   data: [ 0.00000000000000, 0.00000000000000, 0.00000000000000 ]
R1: !!opencv-matrix
   rows: 3
   cols: 3
   dt: d
   data: [ 1.00000000000000, 0.00000000000000, 0.00000000000000, 0.00000000000000, 1.00000000000000, 0.00000000000000, 0.00000000000000, 0.00000000000000, 1.00000000000000 ]
R2: !!opencv-matrix
   rows: 3
   cols: 3
   dt: d
   data: [ 1.00000000000000, 0.00000000000000, 0.00000000000000, 0.00000000000000, 1.00000000000000, 0.00000000000000, 0.00000000000000, 0.00000000000000, 1.00000000000000 ]
P1: !!opencv-matrix
   rows: 3
   cols: 4
   dt: d
   data: [ 1.00000000000000, 0.00000000000000, 0.00000000000000, 0.00000000000000, 0.00000000000000, 1.00000000000000, 0.00000000000000, 0.00000000000000, 0.00000000000000, 0.00000000000000, 1.00000000000000, 0.00000000000000 ]
P2: !!opencv-matrix
   rows: 3
   cols: 4
   dt: d
   data: [ 1.00000000000000, 0.00000000000000, 0.00000000000000, 0.00000000000000, 0.00000000000000, 1.00000000000000, 0.00000000000000, 0.00000000000000, 0.00000000000000, 0.00000000000000, 1.00000000000000, 0.00000000000000 ]
Q: !!opencv-matrix
   rows: 4
   cols: 4
   dt: d
   data: [ 1.00000000000000, 0.00000000000000, 0.00000000000000, 0.00000000000000, 0.00000000000000, 1.00000000000000, 0.00000000000000, 0.00000000000000, 0.00000000000000, 0.00000000000000, 1.00000000000000, 0.00000000000000, 0.00000000000000, 0.00000000000000, 0.00000000000000, 1.00000000000000 ]