%YAML:1.0
---
R: !!opencv-matrix
   rows: 3
   cols: 3
   dt: d
   data: [ 0.96311746990752, 0.00204921408730, 0.26907348416474, 0.00254970305319, 0.99985660715538, -0.01674109142434, -0.26906920703282, 0.01680969510021, 0.96297414086639 ]
T: !!opencv-matrix
   rows: 3
   cols: 1
   dt: d
   data: [-157.50774738597210, 0.04271014882599, 35.39957842734196 ]
Rw: !!opencv-matrix
   rows: 3
   cols: 3
   dt: d
   data: [ 1, 0, 0, 0, 1, 0, 0, 0, 1 ]
Tw: !!opencv-matrix
   rows: 3
   cols: 1
   dt: d
   data: [ 0, 0, 0 ]
R1: !!opencv-matrix
   rows: 3
   cols: 3
   dt: d
   data: [ 1, 0, 0, 0, 1, 0, 0, 0, 1 ]
R2: !!opencv-matrix
   rows: 3
   cols: 3
   dt: d
   data: [ 1, 0, 0, 0, 1, 0, 0, 0, 1 ]
P1: !!opencv-matrix
   rows: 3
   cols: 4
   dt: d
   data: [ 1, 0, 0, 0, 1, 0, 0, 0, 1, 0, 0, 1 ]
P2: !!opencv-matrix
   rows: 3
   cols: 4
   dt: d
   data: [ 1, 0, 0, 0, 1, 0, 0, 0, 1, 0, 0, 1 ]
Q: !!opencv-matrix
   rows: 4
   cols: 4
   dt: d
   data: [ 1, 0, 0, 0, 0, 1, 0, 0, 0, 0, 1, 0, 0, 0, 0, 1 ]
F: !!opencv-matrix
   rows: 3
   cols: 3
   dt: d
   data: [ -0.00000028131439, -0.00002290763469, 0.00499554794616, -0.00009787745535, 0.00000752155894, -0.23212585444538, 0.02490459760370, 0.27381691044848, -9.03205289725158 ]
