%YAML:1.0
---
R: !!opencv-matrix
   rows: 3
   cols: 3
   dt: d
   data: [ 0.94790268274472, 0.00498564157237, 0.31852103136760, 0.00040240130607, 0.99985798518356, -0.01684777545746, -0.31855979363152, 0.01609822483344, 0.94776606029054 ]
T: !!opencv-matrix
   rows: 3
   cols: 1
   dt: d
   data: [-190.21619939705400, 0.01214772173332, 45.04523946563859 ]
Rw: !!opencv-matrix
   rows: 3
   cols: 3
   dt: d
   data: [ 1, 0, 0, 0, 1, 0, 0, 0, 1 ]
Tw: !!opencv-matrix
   rows: 3
   cols: 1
   dt: d
   data: [ 0, 0, 0 ]
R1: !!opencv-matrix
   rows: 3
   cols: 3
   dt: d
   data: [ 1, 0, 0, 0, 1, 0, 0, 0, 1 ]
R2: !!opencv-matrix
   rows: 3
   cols: 3
   dt: d
   data: [ 1, 0, 0, 0, 1, 0, 0, 0, 1 ]
P1: !!opencv-matrix
   rows: 3
   cols: 4
   dt: d
   data: [ 1, 0, 0, 0, 1, 0, 0, 0, 1, 0, 0, 1 ]
P2: !!opencv-matrix
   rows: 3
   cols: 4
   dt: d
   data: [ 1, 0, 0, 0, 1, 0, 0, 0, 1, 0, 0, 1 ]
Q: !!opencv-matrix
   rows: 4
   cols: 4
   dt: d
   data: [ 1, 0, 0, 0, 0, 1, 0, 0, 0, 0, 1, 0, 0, 0, 0, 1 ]
F: !!opencv-matrix
   rows: 3
   cols: 3
   dt: d
   data: [ -0.00000006065588, -0.00004936190877, 0.01201497971131, -0.00012428936779, 0.00000907196834, -0.27790766689151, 0.03144810112824, 0.33769123919123, -13.36428259995179 ]
