%YAML:1.0
---
R: !!opencv-matrix
   rows: 3
   cols: 3
   dt: d
   data: [ 0.96399956787526, -0.00795656126175, 0.26578473671226, 0.00727194702094, 0.99996722268535, 0.00355982323495, -0.26580434895397, -0.00149889553586, 0.96402583025007 ]
T: !!opencv-matrix
   rows: 3
   cols: 1
   dt: d
   data: [-156.27259127067830, -1.17252642244137, 42.38656418295402 ]
Rw: !!opencv-matrix
   rows: 3
   cols: 3
   dt: d
   data: [ 1, 0, 0, 0, 1, 0, 0, 0, 1 ]
Tw: !!opencv-matrix
   rows: 3
   cols: 1
   dt: d
   data: [ 0, 0, 0 ]
R1: !!opencv-matrix
   rows: 3
   cols: 3
   dt: d
   data: [ 1, 0, 0, 0, 1, 0, 0, 0, 1 ]
R2: !!opencv-matrix
   rows: 3
   cols: 3
   dt: d
   data: [ 1, 0, 0, 0, 1, 0, 0, 0, 1 ]
P1: !!opencv-matrix
   rows: 3
   cols: 4
   dt: d
   data: [ 1, 0, 0, 0, 1, 0, 0, 0, 1, 0, 0, 1 ]
P2: !!opencv-matrix
   rows: 3
   cols: 4
   dt: d
   data: [ 1, 0, 0, 0, 1, 0, 0, 0, 1, 0, 0, 1 ]
Q: !!opencv-matrix
   rows: 4
   cols: 4
   dt: d
   data: [ 1, 0, 0, 0, 0, 1, 0, 0, 0, 0, 1, 0, 0, 0, 0, 1 ]
F: !!opencv-matrix
   rows: 3
   cols: 3
   dt: d
   data: [ 0.00000000002028, -0.00000000400547, 0.00000407181951, -0.00000025062532, -0.00000000337939, -0.01164717900846, 0.00019024095991, 0.01243490376753, -0.87094629878196 ]
