%YAML:1.0
---
M1: !!opencv-matrix
   rows: 3
   cols: 3
   dt: d
   data: [ 849.72061579454180, 0.00000000000000, 635.79686923898339, 0.00000000000000, 849.45908154274366, 347.75230935940255, 0.00000000000000, 0.00000000000000, 1.00000000000000 ]
D1: !!opencv-matrix
   rows: 1
   cols: 5
   dt: d
   data: [ 0.06365989056292, -0.12049371795810, 0.00000000000000, 0.00000000000000, 0.00000000000000 ]
M2: !!opencv-matrix
   rows: 3
   cols: 3
   dt: d
   data: [ 847.64332728212594, 0.00000000000000, 648.54999973131328, 0.00000000000000, 847.09687758972257, 356.85507811587001, 0.00000000000000, 0.00000000000000, 1.00000000000000 ]
D2: !!opencv-matrix
   rows: 1
   cols: 5
   dt: d
   data: [ 0.06433063158660, -0.14278702336566, 0.00000000000000, 0.00000000000000, 0.00000000000000 ]
