%YAML:1.0
---
M1: !!opencv-matrix
   rows: 3
   cols: 3
   dt: d
   data: [ 603.02704068264313, 0.00000000000000, 327.74267291588035, 0.00000000000000, 602.58257483876469, 242.55561565648992, 0.00000000000000, 0.00000000000000, 1.00000000000000 ]
D1: !!opencv-matrix
   rows: 1
   cols: 5
   dt: d
   data: [ 0.12692777658220, -0.27015162170378, 0.00000000000000, 0.00000000000000, 0.00000000000000 ]
M2: !!opencv-matrix
   rows: 3
   cols: 3
   dt: d
   data: [ 601.36034434978717, 0.00000000000000, 321.40560949110090, 0.00000000000000, 601.23596488595285, 245.96924363754886, 0.00000000000000, 0.00000000000000, 1.00000000000000 ]
D2: !!opencv-matrix
   rows: 1
   cols: 5
   dt: d
   data: [ 0.12241108788979, -0.25646228090026, 0.00000000000000, 0.00000000000000, 0.00000000000000 ]
