%YAML:1.0
---
M1: !!opencv-matrix
   rows: 3
   cols: 3
   dt: d
   data: [ 601.68382632215366, 0.00000000000000, 328.00695141934546, 0.00000000000000, 601.54552089203116, 242.73278719870896, 0.00000000000000, 0.00000000000000, 1.00000000000000 ]
D1: !!opencv-matrix
   rows: 1
   cols: 5
   dt: d
   data: [ 0.11883763245412, -0.24845842022617, 0.00000000000000, 0.00000000000000, 0.00000000000000 ]
M2: !!opencv-matrix
   rows: 3
   cols: 3
   dt: d
   data: [ 601.14028687362236, 0.00000000000000, 322.10991366701774, 0.00000000000000, 601.20729311941443, 246.23916859791277, 0.00000000000000, 0.00000000000000, 1.00000000000000 ]
D2: !!opencv-matrix
   rows: 1
   cols: 5
   dt: d
   data: [ 0.12589482842384, -0.27554833454237, 0.00000000000000, 0.00000000000000, 0.00000000000000 ]
