%YAML:1.0
---
M1: !!opencv-matrix
   rows: 3
   cols: 3
   dt: d
   data: [ 394.83777310350604, 0.00000000000000, 321.68948793806027, 0.00000000000000, 395.24880864633064, 242.50888120441010, 0.00000000000000, 0.00000000000000, 1.00000000000000 ]
D1: !!opencv-matrix
   rows: 1
   cols: 5
   dt: d
   data: [ 0.00219231898210, -0.00310865178838, 0.00000000000000, 0.00000000000000, 0.00000000000000 ]
M2: !!opencv-matrix
   rows: 3
   cols: 3
   dt: d
   data: [ 394.61694092675901, 0.00000000000000, 322.06129881568785, 0.00000000000000, 395.11242663709675, 242.37421311475165, 0.00000000000000, 0.00000000000000, 1.00000000000000 ]
D2: !!opencv-matrix
   rows: 1
   cols: 5
   dt: d
   data: [ 0.00405167808398, -0.00504882669956, 0.00000000000000, 0.00000000000000, 0.00000000000000 ]
