%YAML:1.0
---
M1: !!opencv-matrix
   rows: 3
   cols: 3
   dt: d
   data: [ 846.16506339349439, 0.00000000000000, 633.78915660248435, 0.00000000000000, 845.79243954997230, 351.51620966397996, 0.00000000000000, 0.00000000000000, 1.00000000000000 ]
D1: !!opencv-matrix
   rows: 1
   cols: 5
   dt: d
   data: [ 0.06749260460236, -0.15198144690753, 0.00143330549562, -0.00001722061867, 0.00000000000000 ]
M2: !!opencv-matrix
   rows: 3
   cols: 3
   dt: d
   data: [ 846.42783088448664, 0.00000000000000, 645.60045622997939, 0.00000000000000, 846.51520232142298, 361.67436516194130, 0.00000000000000, 0.00000000000000, 1.00000000000000 ]
D2: !!opencv-matrix
   rows: 1
   cols: 5
   dt: d
   data: [ 0.04701478842114, -0.09419619732623, 0.00039380880152, -0.00069562922778, 0.00000000000000 ]
