%YAML:1.0
---
M1: !!opencv-matrix
   rows: 3
   cols: 3
   dt: d
   data: [ 12975.71703982078907, 0.00000000000000, 1530.75389312618927, 0.00000000000000, 12976.87539059906885, 1151.47504991941423, 0.00000000000000, 0.00000000000000, 1.00000000000000 ]
D1: !!opencv-matrix
   rows: 1
   cols: 5
   dt: d
   data: [ -0.00606727534584, -0.93742210392224, 0.00000000000000, 0.00000000000000, 0.00000000000000 ]
M2: !!opencv-matrix
   rows: 3
   cols: 3
   dt: d
   data: [ 13031.69456553290183, 0.00000000000000, 1562.79819395388881, 0.00000000000000, 13031.63508065889255, 1141.67173117763718, 0.00000000000000, 0.00000000000000, 1.00000000000000 ]
D2: !!opencv-matrix
   rows: 1
   cols: 5
   dt: d
   data: [ 0.02929501896151, -2.77926888228120, 0.00000000000000, 0.00000000000000, 0.00000000000000 ]
